Panel Veri Tanımlayıcı İstatistikleri
==================================================
           Year  GDP_Growth  Gov_Expenditure  Inflation  Unemployment  Investment_FDI  Real_Interest_Rate  Trade_Openness
count   312.000     312.000          312.000    312.000       312.000         312.000             312.000         312.000
mean   2011.500       2.983           15.822      6.495         7.793           2.056               4.437          48.410
std       6.933       3.732            3.921     12.031         5.868           1.737               9.925          17.307
min    2000.000     -10.894            6.532     -1.353         2.351          -2.757             -17.254          19.275
25%    2005.750       1.323           12.093      1.825         4.346           0.962               0.677          33.463
50%    2011.500       2.940           16.634      3.394         6.148           1.786               2.736          49.213
75%    2017.250       5.105           19.155      5.749         8.271           2.767               4.667          59.932
max    2023.000      14.151           22.701    133.489        34.007          12.000              48.505         101.681